Recall: 99.889989
Precision: 90.981964
Accuracy: 90.900000
